4e565b9ae4cd6917b150b789,46
4b9836caf964a520ae3435e3,19
4b6a0d66f964a52068c42be3,9
4b1e4a60f964a5206f1824e3,3
4edce4959911a3e79012a0b1,3
4b818379f964a52094ab30e3,2
4bafe743f964a520472a3ce3,2
4bb3d73d4019a593e48438b8,2
4ee11cd50e61e7dd0e0299b6,2
4adc21f1f964a5208e2b21e3,2
4c950425034137046d9f77ef,1
4b16e1c1f964a520e2be23e3,1
4ee8db6629c284f4bb2e790e,1
4da59ea1a86e226c26ba9854,1
4b51f49ef964a520565d27e3,1
4c116961a9420f47d8b67c51,1
4c7acaad2d3ba143937692d0,1
4b6b0d5ff964a5207aef2be3,1
4b665d75f964a520371f2be3,1
4ad0e987f964a5200adb20e3,1
4c4d9320f53d0f47bdde37a5,1
4bcc8fc3b6c49c749df09391,1
4b64bacff964a520a8cb2ae3,1
4d1a786611fca093cc9b96ce,1
4b79b2adf964a520f20b2fe3,1
