4f6202ffe4b0dd26f2029608,25
4f9db426e4b046b0cd57306d,11
4f9dd85ce4b033ffd504581d,7
4b457767f964a520060d26e3,3
4e39e60e62846d3788855454,1
4b73f625f964a520bfc12de3,1
4f9bcb2be4b0e5be3f3dbb0c,1
4c2012b0b306c9288b7769b7,1
4b6289cdf964a520bf4a2ae3,1
4b5a51caf964a520dfbc28e3,1
