4f310a71e4b0ef2eb602efaf,82
4f75d6a1e4b0149b3e045584,47
4e54bac9fa761d3de83fe85c,13
4de3676f091a303de31d729b,12
4f50aa71e4b0b5f8686ff681,9
4f390240e4b08dd06aef8e4b,8
4e4a3ee3b61c688648578f64,7
4f50aaf1e4b085bf429ed72b,7
4e494ff8d164155c0e09dcf4,5
4cdeef1fffcf3704b5291682,4
4f6d6377e4b03b575c28e24c,3
4c08ef22bbc676b0e34047d5,3
4daf1e6fcda1ea0bb04ce964,2
4da029b62305a35db67dc6af,2
4bd42302a8b3a593524f6b5f,2
4c9cc269e9a7ef3b888c3616,2
4bec67a4f909ef3bd408a9c6,2
4da1a3e9540ea1cde1846bde,1
4d4d428d4aa3a0938bca40ae,1
4f6d80c1e4b01489b9ac24a3,1
4ce15b3df8cdb1f753349c12,1
4f6b32d6e4b0f7fc5487ba6a,1
4e4eb535b0fb088f3c115d7c,1
4e8eeb7702d54f3f33007967,1
4c08e5a0d4149c740f4861d5,1
4c74ded0613f76b09d42a22a,1
4c41fe31da3dc9286dc5c9b9,1
4c02622d1b2eb7135d849992,1
4f3a2cabe4b0a4d44360a489,1
4c03deeb3022952174a8de81,1
