4e46d286b61c03d0cd116e81,26
4c0e41a2c700c9b69d87a3dd,17
4f7c690fe4b03d7e4edf310b,14
4f746d18e4b0f112e153a52a,11
4f4586a6e4b0cc9b80018bc4,10
4c1fd163eac020a15aab4bc2,9
4e3837a1fa7606f144030a36,7
4d738f0bff6ba35d35f87d8a,7
4c52ceadbfc6ef3bcbe34e9c,5
4b618a52f964a52066172ae3,5
4bca1937937ca593ce1ca792,4
4f78ca5be4b06c847d2e604c,4
4c9461ec82b56dcb2fefceaa,4
4e70fd28e4cd5c86943d5a89,3
4cfe1ef52d80a143d5b65ad8,2
4bc987bbcc8cd13a38c7bbcf,2
4bfac3ec5ec320a10d1e8cd3,2
4ba7c3eef964a52068b139e3,2
4f32b255e4b0d8fc0b8e75ed,2
4d643f2d823ca35d2e8df188,2
4d76372bf5e4b1f7255f0087,2
4cd032e47f56a1431f7dcca6,2
4c7d1db2d461a14328167cf5,1
4f5df033e4b075ad7bcd09a7,1
4fc6ac00e4b06a23e2b90715,1
4e2adb6c7d8b7deda6c9c929,1
4ebd64a59a52ad50479ec4e6,1
50042805ebca45fe5091fb30,1
4f9fc39fe4b0d0d5478736a8,1
4eb7b085e30006eb1310427b,1
4bd03626046076b07f806f71,1
4f6b289fe4b08858d613bd47,1
4c70dec8df6b8cfa7caeb94d,1
4c722a4e0e23b1f713211ddc,1
4c91fbc1ae96a093deaca746,1
4e7fabbad3e3b57f8b7f7f87,1
4c0d1fa7336220a1ea38ca77,1
4e181353ae6092c2764e6ad4,1
4d2dfc4c94013704859fe1da,1
4e4f925f2271a1bdc3dfd2dc,1
4c0e2bc87189c9284cfed7b6,1
4f972c46e4b03fde92d52421,1
4c7ea642d51ea143a44d589f,1
4da981705da3ba8a47726f87,1
4deb3c5dd22da22d4ee9561b,1
50782bd9e4b05b62b24f24d1,1
4f1acf3ae4b044fd34d44858,1
4de000e518380dc4dd242416,1
4d9ca981baae54810a7ce064,1
